5.0 -23.973106866578462
5.5 -21.342594848504355
6.0 -10.058957935161331
6.5 9.088819496710206
7.0 32.19234333722066
7.5 52.76249869357906
8.0 63.318927783896434
8.5 57.69069388704717
9.0 33.381597304582286
9.5 -6.782388621678289
10.0 -54.40211108893698
10.5 -96.98645753687663
11.0 -120.99881499263512
11.5 -115.77855010254467
12.0 -77.26650019206264
12.5 -10.362796461125107
13.0 71.00822922370232
13.5 146.4897117390329
14.0 194.1590417161946
14.5 196.5616854240646
15.0 146.3147640353513
15.5 49.60381253555563
16.0 -73.70324906625672
16.5 -193.78355945999374
17.0 -277.8438751531919
17.5 -298.78546417462326
18.0 -243.31986795402304
18.5 -117.21399167122489
19.0 54.1056726883258
19.5 230.2565354608783
20.0 365.17810029105107
20.5 418.91772104566536
21.0 368.96513659440075
21.5 218.01512918029218
22.0 -4.284033696555476
22.5 -246.63209693313294
23.0 -447.6505938086653
23.5 -551.1907999516216
24.0 -521.6131365158153
24.5 -354.9623573015409
25.0 -82.71984381110815
25.5 233.47769470291493
26.0 515.4895125242114
26.5 687.7539048697257
27.0 697.1980518068827
27.5 528.8002739391677
28.0 212.39013803336934
28.5 -181.7455187417254
29.0 -558.1160966231057
29.5 -818.9325831104553
30.0 -889.2284616835757
30.5 -737.8066145051395
31.0 -388.2801771554655
31.5 83.32365366013579
32.0 564.6609215914912
32.5 933.5881348702836
33.0 1088.904015656814
33.5 977.6368651898582
34.0 611.6195851547476
34.5 68.42447081438647
35.0 -524.523770132785
35.5 -1019.5659001185552
36.0 -1285.345394062278
36.5 -1241.2798238444313
37.0 -881.0037045657323
37.5 -278.1545619887751
38.0 427.9562276563524
38.5 1064.2178401357694
39.0 1465.9327825380976
39.5 1519.1303222480894
40.0 1192.1810567669581
40.5 548.0914678256219
41.0 -266.6447062607158
41.5 -1054.9817234620027
42.0 -1616.744010523178
42.5 -1799.1812462597668
43.0 -1537.9514991202782
43.5 -877.6549101203973
44.0 34.27092700408068
44.5 979.9966500835918
45.0 1723.0796371815898
45.5 2067.332753610468
46.0 1908.1841436248803
46.5 1263.1790646476268
47.0 272.9730281441998
47.5 -828.7326939840192
48.0 -1770.0587396897283
48.5 -2307.812324704135
49.0 -2289.9601192754917
49.5 -1697.7413591111128
50.0 -655.937134259822
